{
 "cells": [
  {
   "cell_type": "code",
   "execution_count": 1,
   "metadata": {},
   "outputs": [
    {
     "name": "stdout",
     "output_type": "stream",
     "text": [
      "Welcome to JupyROOT 6.22/06\n"
     ]
    }
   ],
   "source": [
    "import matplotlib.pyplot as plt\n",
    "import numpy as np\n",
    "import pandas as pd\n",
    "import ROOT\n",
    "from ROOT import TFile, TTree, TH1F, TCanvas, TAxis, TLegend, TTreeReader, TTreeReaderValue"
   ]
  },
  {
   "cell_type": "code",
   "execution_count": 3,
   "metadata": {},
   "outputs": [
    {
     "data": {
      "text/plain": [
       "['dijet_pt',\n",
       " 'dijet_eta',\n",
       " 'dijet_phi',\n",
       " 'dijet_m',\n",
       " 'dR_jj',\n",
       " 'dEta_jj',\n",
       " 'dPhi_jj',\n",
       " 'm_jj',\n",
       " 'jet_pt_0',\n",
       " 'jet_eta_0',\n",
       " 'jet_phi_0',\n",
       " 'jet_m_0',\n",
       " 'jet_ptoverm_0',\n",
       " 'jet_pt_1',\n",
       " 'jet_eta_1',\n",
       " 'jet_phi_1',\n",
       " 'jet_m_1',\n",
       " 'jet_ptoverm_1',\n",
       " 'jet_pt_2',\n",
       " 'jet_eta_2',\n",
       " 'jet_phi_2',\n",
       " 'jet_m_2',\n",
       " 'jet_ptoverm_2',\n",
       " 'dR_jj_j',\n",
       " 'dEta_jj_j',\n",
       " 'dPhi_jj_j',\n",
       " 'M_jjj',\n",
       " 'jet_ptoverM_0',\n",
       " 'jet_ptoverM_1',\n",
       " 'jet_ptoverM_2',\n",
       " 'dijet_ptoverM',\n",
       " 'dijet_res_dPt',\n",
       " 'dijet_res_dEta',\n",
       " 'dijet_res_dPhi',\n",
       " 'gen_dijet_matched',\n",
       " 'gen_dijet_matched_mass',\n",
       " 'run_num',\n",
       " 'evt_num',\n",
       " 'lumi_block']"
      ]
     },
     "metadata": {},
     "output_type": "display_data"
    },
    {
     "name": "stdout",
     "output_type": "stream",
     "text": [
      "dataloader.AddVariable(\"dijet_pt\", 'F')\n",
      "dataloader.AddVariable(\"dijet_eta\", 'F')\n",
      "dataloader.AddVariable(\"dijet_phi\", 'F')\n",
      "dataloader.AddVariable(\"dijet_m\", 'F')\n",
      "dataloader.AddVariable(\"dR_jj\", 'F')\n",
      "dataloader.AddVariable(\"dEta_jj\", 'F')\n",
      "dataloader.AddVariable(\"dPhi_jj\", 'F')\n",
      "dataloader.AddVariable(\"m_jj\", 'F')\n",
      "dataloader.AddVariable(\"jet_pt_0\", 'F')\n",
      "dataloader.AddVariable(\"jet_eta_0\", 'F')\n",
      "dataloader.AddVariable(\"jet_phi_0\", 'F')\n",
      "dataloader.AddVariable(\"jet_m_0\", 'F')\n",
      "dataloader.AddVariable(\"jet_ptoverm_0\", 'F')\n",
      "dataloader.AddVariable(\"jet_pt_1\", 'F')\n",
      "dataloader.AddVariable(\"jet_eta_1\", 'F')\n",
      "dataloader.AddVariable(\"jet_phi_1\", 'F')\n",
      "dataloader.AddVariable(\"jet_m_1\", 'F')\n",
      "dataloader.AddVariable(\"jet_ptoverm_1\", 'F')\n",
      "dataloader.AddVariable(\"jet_pt_2\", 'F')\n",
      "dataloader.AddVariable(\"jet_eta_2\", 'F')\n",
      "dataloader.AddVariable(\"jet_phi_2\", 'F')\n",
      "dataloader.AddVariable(\"jet_m_2\", 'F')\n",
      "dataloader.AddVariable(\"jet_ptoverm_2\", 'F')\n",
      "dataloader.AddVariable(\"dR_jj_j\", 'F')\n",
      "dataloader.AddVariable(\"dEta_jj_j\", 'F')\n",
      "dataloader.AddVariable(\"dPhi_jj_j\", 'F')\n",
      "dataloader.AddVariable(\"M_jjj\", 'F')\n",
      "dataloader.AddVariable(\"jet_ptoverM_0\", 'F')\n",
      "dataloader.AddVariable(\"jet_ptoverM_1\", 'F')\n",
      "dataloader.AddVariable(\"jet_ptoverM_2\", 'F')\n",
      "dataloader.AddVariable(\"dijet_ptoverM\", 'F')\n",
      "dataloader.AddVariable(\"dijet_res_dPt\", 'F')\n",
      "dataloader.AddVariable(\"dijet_res_dEta\", 'F')\n",
      "dataloader.AddVariable(\"dijet_res_dPhi\", 'F')\n",
      "dataloader.AddVariable(\"gen_dijet_matched\", 'F')\n",
      "dataloader.AddVariable(\"gen_dijet_matched_mass\", 'F')\n",
      "dataloader.AddVariable(\"run_num\", 'F')\n",
      "dataloader.AddVariable(\"evt_num\", 'F')\n",
      "dataloader.AddVariable(\"lumi_block\", 'F')\n"
     ]
    }
   ],
   "source": [
    "inFile = TFile(\"/home/xyan13/Trijet/TrijetAna/TrijetAna/outputs/Res1ToRes2GluTo3Glu_M1-3000_R-0p5_ML_study.root\")\n",
    "inTree = inFile.Get(\"Events\")\n",
    "variable2use = [i.GetName() for i in inTree.GetListOfBranches()]\n",
    "display(variable2use)\n",
    "for branch in variable2use:\n",
    "    print(f\"dataloader.AddVariable(\\\"{branch}\\\", 'F')\")"
   ]
  },
  {
   "cell_type": "code",
   "execution_count": 2,
   "metadata": {},
   "outputs": [
    {
     "name": "stdout",
     "output_type": "stream",
     "text": [
      "144108\n",
      "Processing:  0\n",
      "Processing:  10000\n",
      "Processing:  20000\n",
      "Processing:  30000\n",
      "Processing:  40000\n",
      "Processing:  50000\n",
      "Processing:  60000\n",
      "Processing:  70000\n",
      "Processing:  80000\n",
      "Processing:  90000\n",
      "Processing:  100000\n",
      "Processing:  110000\n",
      "Processing:  120000\n",
      "Processing:  130000\n",
      "Processing:  140000\n"
     ]
    }
   ],
   "source": [
    "sample = \"M1-3000_R-0p5\"\n",
    "tempFile = TFile(f\"{sample}_training.root\",\"RECREATE\")\n",
    "outTree_sig = TTree()\n",
    "outTree_bkg = TTree()\n",
    "inFile = TFile(f\"/home/xyan13/Trijet/TrijetAna/TrijetAna/outputs/Res1ToRes2GluTo3Glu_{sample}_ML_study.root\")\n",
    "inTree = inFile.Get(\"Events\")\n",
    "dijet_eta = np.empty((1), dtype=\"float32\")\n",
    "dijet_phi = np.empty((1), dtype=\"float32\")\n",
    "dR_jj = np.empty((1), dtype=\"float32\")\n",
    "dEta_jj = np.empty((1), dtype=\"float32\")\n",
    "dPhi_jj = np.empty((1), dtype=\"float32\")\n",
    "jet_eta_0 = np.empty((1), dtype=\"float32\")\n",
    "jet_phi_0 = np.empty((1), dtype=\"float32\")\n",
    "jet_ptoverm_0 = np.empty((1), dtype=\"float32\")\n",
    "jet_eta_1 = np.empty((1), dtype=\"float32\")\n",
    "jet_phi_1 = np.empty((1), dtype=\"float32\")\n",
    "jet_ptoverm_1 = np.empty((1), dtype=\"float32\")\n",
    "jet_eta_2 = np.empty((1), dtype=\"float32\")\n",
    "jet_phi_2 = np.empty((1), dtype=\"float32\")\n",
    "jet_ptoverm_2 = np.empty((1), dtype=\"float32\")\n",
    "dR_jj_j = np.empty((1), dtype=\"float32\")\n",
    "dEta_jj_j = np.empty((1), dtype=\"float32\")\n",
    "dPhi_jj_j = np.empty((1), dtype=\"float32\")\n",
    "jet_ptoverM_0 = np.empty((1), dtype=\"float32\")\n",
    "jet_ptoverM_1 = np.empty((1), dtype=\"float32\")\n",
    "jet_ptoverM_2 = np.empty((1), dtype=\"float32\")\n",
    "dijet_ptoverM = np.empty((1), dtype=\"float32\")\n",
    "gen_dijet_matched = np.empty((1), dtype=\"int32\")\n",
    "\n",
    "outTree_sig.Branch(\"dijet_eta\", dijet_eta, \"dijet_eta/F\")\n",
    "outTree_sig.Branch(\"dijet_phi\", dijet_phi, \"dijet_phi/F\")\n",
    "outTree_sig.Branch(\"dR_jj\", dR_jj, \"dR_jj/F\")\n",
    "outTree_sig.Branch(\"dEta_jj\", dEta_jj, \"dEta_jj/F\")\n",
    "outTree_sig.Branch(\"dPhi_jj\", dPhi_jj, \"dPhi_jj/F\")\n",
    "outTree_sig.Branch(\"jet_eta_0\", jet_eta_0, \"jet_eta_0/F\")\n",
    "outTree_sig.Branch(\"jet_phi_0\", jet_phi_0, \"jet_phi_0/F\")\n",
    "outTree_sig.Branch(\"jet_ptoverm_0\", jet_ptoverm_0, \"jet_ptoverm_0/F\")\n",
    "outTree_sig.Branch(\"jet_eta_1\", jet_eta_1, \"jet_eta_1/F\")\n",
    "outTree_sig.Branch(\"jet_phi_1\", jet_phi_1, \"jet_phi_1/F\")\n",
    "outTree_sig.Branch(\"jet_ptoverm_1\", jet_ptoverm_1, \"jet_ptoverm_1/F\")\n",
    "outTree_sig.Branch(\"jet_eta_2\", jet_eta_2, \"jet_eta_2/F\")\n",
    "outTree_sig.Branch(\"jet_phi_2\", jet_phi_2, \"jet_phi_2/F\")\n",
    "outTree_sig.Branch(\"jet_ptoverm_2\", jet_ptoverm_2, \"jet_ptoverm_2/F\")\n",
    "outTree_sig.Branch(\"dR_jj_j\", dR_jj_j, \"dR_jj_j/F\")\n",
    "outTree_sig.Branch(\"dEta_jj_j\", dEta_jj_j, \"dEta_jj_j/F\")\n",
    "outTree_sig.Branch(\"dPhi_jj_j\", dPhi_jj_j, \"dPhi_jj_j/F\")\n",
    "outTree_sig.Branch(\"jet_ptoverM_0\", jet_ptoverM_0, \"jet_ptoverM_0/F\")\n",
    "outTree_sig.Branch(\"jet_ptoverM_1\", jet_ptoverM_1, \"jet_ptoverM_1/F\")\n",
    "outTree_sig.Branch(\"jet_ptoverM_2\", jet_ptoverM_2, \"jet_ptoverM_2/F\")\n",
    "outTree_sig.Branch(\"dijet_ptoverM\", dijet_ptoverM, \"dijet_ptoverM/F\")\n",
    "outTree_sig.Branch(\"gen_dijet_matched\", gen_dijet_matched, \"gen_dijet_matched/I\")\n",
    "\n",
    "outTree_bkg.Branch(\"dijet_eta\", dijet_eta, \"dijet_eta/F\")\n",
    "outTree_bkg.Branch(\"dijet_phi\", dijet_phi, \"dijet_phi/F\")\n",
    "outTree_bkg.Branch(\"dR_jj\", dR_jj, \"dR_jj/F\")\n",
    "outTree_bkg.Branch(\"dEta_jj\", dEta_jj, \"dEta_jj/F\")\n",
    "outTree_bkg.Branch(\"dPhi_jj\", dPhi_jj, \"dPhi_jj/F\")\n",
    "outTree_bkg.Branch(\"jet_eta_0\", jet_eta_0, \"jet_eta_0/F\")\n",
    "outTree_bkg.Branch(\"jet_phi_0\", jet_phi_0, \"jet_phi_0/F\")\n",
    "outTree_bkg.Branch(\"jet_ptoverm_0\", jet_ptoverm_0, \"jet_ptoverm_0/F\")\n",
    "outTree_bkg.Branch(\"jet_eta_1\", jet_eta_1, \"jet_eta_1/F\")\n",
    "outTree_bkg.Branch(\"jet_phi_1\", jet_phi_1, \"jet_phi_1/F\")\n",
    "outTree_bkg.Branch(\"jet_ptoverm_1\", jet_ptoverm_1, \"jet_ptoverm_1/F\")\n",
    "outTree_bkg.Branch(\"jet_eta_2\", jet_eta_2, \"jet_eta_2/F\")\n",
    "outTree_bkg.Branch(\"jet_phi_2\", jet_phi_2, \"jet_phi_2/F\")\n",
    "outTree_bkg.Branch(\"jet_ptoverm_2\", jet_ptoverm_2, \"jet_ptoverm_2/F\")\n",
    "outTree_bkg.Branch(\"dR_jj_j\", dR_jj_j, \"dR_jj_j/F\")\n",
    "outTree_bkg.Branch(\"dEta_jj_j\", dEta_jj_j, \"dEta_jj_j/F\")\n",
    "outTree_bkg.Branch(\"dPhi_jj_j\", dPhi_jj_j, \"dPhi_jj_j/F\")\n",
    "outTree_bkg.Branch(\"jet_ptoverM_0\", jet_ptoverM_0, \"jet_ptoverM_0/F\")\n",
    "outTree_bkg.Branch(\"jet_ptoverM_1\", jet_ptoverM_1, \"jet_ptoverM_1/F\")\n",
    "outTree_bkg.Branch(\"jet_ptoverM_2\", jet_ptoverM_2, \"jet_ptoverM_2/F\")\n",
    "outTree_bkg.Branch(\"dijet_ptoverM\", dijet_ptoverM, \"dijet_ptoverM/F\")\n",
    "outTree_bkg.Branch(\"gen_dijet_matched\", gen_dijet_matched, \"gen_dijet_matched/I\")\n",
    "\n",
    "n_all = inTree.GetEntries()\n",
    "array_ismatch = inTree.AsMatrix(columns=[\"gen_dijet_matched\"])\n",
    "np.squeeze(array_ismatch)\n",
    "n_matched = sum(array_ismatch)[0]\n",
    "n_unmatched = n_all - n_matched\n",
    "print(n_all)\n",
    "ratio = n_matched / n_unmatched\n",
    "from ROOT import TRandom3\n",
    "rand_gen = TRandom3()\n",
    "count_unmatch = 0\n",
    "for i, event in enumerate(inTree):\n",
    "    if i%10000 == 0:\n",
    "        print(\"Processing: \",i)\n",
    "    if(event.gen_dijet_matched == 0):\n",
    "        random = rand_gen.Uniform(0,1)\n",
    "        if random > ratio: continue\n",
    "    dijet_eta[0] = event.dijet_eta\n",
    "    dijet_phi[0] = event.dijet_phi\n",
    "    dR_jj[0] = event.dR_jj\n",
    "    dEta_jj[0] = event.dEta_jj\n",
    "    dPhi_jj[0] = event.dPhi_jj\n",
    "    jet_eta_0[0] = event.jet_eta_0\n",
    "    jet_phi_0[0] = event.jet_phi_0\n",
    "    jet_ptoverm_0[0] = event.jet_ptoverm_0\n",
    "    jet_eta_1[0] = event.jet_eta_1\n",
    "    jet_phi_1[0] = event.jet_phi_1\n",
    "    jet_ptoverm_1[0] = event.jet_ptoverm_1\n",
    "    jet_eta_2[0] = event.jet_eta_2\n",
    "    jet_phi_2[0] = event.jet_phi_2\n",
    "    jet_ptoverm_2[0] = event.jet_ptoverm_2\n",
    "    dR_jj_j[0] = event.dR_jj_j\n",
    "    dEta_jj_j[0] = event.dEta_jj_j\n",
    "    dPhi_jj_j[0] = event.dPhi_jj_j\n",
    "    jet_ptoverM_0[0] = event.jet_ptoverM_0\n",
    "    jet_ptoverM_1[0] = event.jet_ptoverM_1\n",
    "    jet_ptoverM_2[0] = event.jet_ptoverM_2\n",
    "    dijet_ptoverM[0] = event.dijet_ptoverM\n",
    "    gen_dijet_matched[0] = event.gen_dijet_matched\n",
    "    if(event.gen_dijet_matched == 0):\n",
    "        outTree_bkg.Fill()\n",
    "    else:\n",
    "        outTree_sig.Fill()\n",
    "tempFile.Write()\n",
    "tempFile.Close()"
   ]
  },
  {
   "cell_type": "code",
   "execution_count": 9,
   "metadata": {
    "scrolled": true
   },
   "outputs": [
    {
     "name": "stdout",
     "output_type": "stream",
     "text": [
      "DataSetInfo              : [M1-3000_R-0p5] : Added class \"Signal\"\n",
      "                         : Add Tree  of type Signal with 29305 events\n",
      "DataSetInfo              : [M1-3000_R-0p5] : Added class \"Background\"\n",
      "                         : Add Tree  of type Background with 29215 events\n",
      "Factory                  : Booking method: \u001b[1mBDT\u001b[0m\n",
      "                         : \n",
      "                         : Building event vectors for type 2 Signal\n",
      "                         : Dataset[M1-3000_R-0p5] :  create input formulas for tree \n",
      "                         : Building event vectors for type 2 Background\n",
      "                         : Dataset[M1-3000_R-0p5] :  create input formulas for tree \n",
      "DataSetFactory           : [M1-3000_R-0p5] : Number of events in input trees\n",
      "                         : \n",
      "                         : \n",
      "                         : Number of training and testing events\n",
      "                         : ---------------------------------------------------------------------------\n",
      "                         : Signal     -- training events            : 14652\n",
      "                         : Signal     -- testing events             : 14652\n",
      "                         : Signal     -- training and testing events: 29304\n",
      "                         : Background -- training events            : 14607\n",
      "                         : Background -- testing events             : 14607\n",
      "                         : Background -- training and testing events: 29214\n",
      "                         : \n",
      "DataSetInfo              : Correlation matrix (Signal):\n",
      "                         : ----------------------------------------------------------------------------------------------------------------------------------------------------------------------------------------------------------------------------------------------------\n",
      "                         :                dijet_eta dijet_phi   dR_jj dEta_jj dPhi_jj jet_eta_0 jet_phi_0 jet_ptoverm_0 jet_eta_1 jet_phi_1 jet_ptoverm_1 jet_eta_2 jet_phi_2 jet_ptoverm_2 dR_jj_j dEta_jj_j dPhi_jj_j jet_ptoverM_0 jet_ptoverM_1 jet_ptoverM_2 dijet_ptoverM\n",
      "                         :     dijet_eta:    +1.000    +0.007  -0.007  +0.007  +0.006    +0.799    +0.007        -0.010    +0.617    +0.002        +0.007    -0.099    -0.008        +0.012  -0.010    -0.009    +0.003        -0.016        +0.003        +0.015        +0.001\n",
      "                         :     dijet_phi:    +0.007    +1.000  +0.008  +0.008  +0.002    +0.002    +0.573        -0.003    +0.003    -0.113        -0.003    -0.000    -0.477        +0.002  +0.004    +0.006    -0.003        -0.001        -0.000        +0.002        -0.002\n",
      "                         :         dR_jj:    -0.007    +0.008  +1.000  +0.288  +0.203    -0.013    +0.009        -0.162    -0.004    -0.005        -0.574    +0.000    -0.004        -0.540  +0.329    +0.471    -0.097        +0.070        -0.247        -0.547        -0.604\n",
      "                         :       dEta_jj:    +0.007    +0.008  +0.288  +1.000  -0.239    +0.007    -0.006        -0.465    -0.001    +0.016        -0.565    +0.010    +0.005        +0.028  +0.031    -0.015    +0.031        -0.526        -0.474        +0.026        -0.013\n",
      "                         :       dPhi_jj:    +0.006    +0.002  +0.203  -0.239  +1.000    -0.000    -0.012        +0.138    +0.011    +0.000        +0.006    -0.013    -0.002        -0.175  +0.084    +0.146    -0.017        +0.222        +0.070        -0.174        -0.172\n",
      "                         :     jet_eta_0:    +0.799    +0.002  -0.013  +0.007  -0.000    +1.000    +0.002        -0.004    +0.154    +0.005        +0.003    -0.020    -0.001        +0.018  -0.008    -0.010    +0.003        -0.012        -0.004        +0.018        +0.011\n",
      "                         :     jet_phi_0:    +0.007    +0.573  +0.009  -0.006  -0.012    +0.002    +1.000        +0.008    +0.000    -0.315        -0.001    +0.007    -0.416        +0.004  -0.009    -0.002    -0.014        +0.010        +0.001        +0.006        +0.001\n",
      "                         : jet_ptoverm_0:    -0.010    -0.003  -0.162  -0.465  +0.138    -0.004    +0.008        +1.000    -0.005    -0.014        -0.287    +0.006    -0.000        +0.467  -0.232    -0.375    +0.088        +0.753        -0.397        +0.414        +0.586\n",
      "                         :     jet_eta_1:    +0.617    +0.003  -0.004  -0.001  +0.011    +0.154    +0.000        -0.005    +1.000    +0.005        +0.009    -0.040    -0.009        +0.007  -0.015    -0.012    -0.003        -0.006        +0.008        +0.011        +0.002\n",
      "                         :     jet_phi_1:    +0.002    -0.113  -0.005  +0.016  +0.000    +0.005    -0.315        -0.014    +0.005    +1.000        +0.002    -0.006    +0.003        +0.001  +0.006    +0.006    +0.011        -0.019        +0.001        -0.005        -0.005\n",
      "                         : jet_ptoverm_1:    +0.007    -0.003  -0.574  -0.565  +0.006    +0.003    -0.001        -0.287    +0.009    +0.002        +1.000    -0.009    -0.004        -0.080  -0.012    +0.058    -0.057        -0.187        +0.841        -0.054        -0.130\n",
      "                         :     jet_eta_2:    -0.099    -0.000  +0.000  +0.010  -0.013    -0.020    +0.007        +0.006    -0.040    -0.006        -0.009    +1.000    +0.002        +0.011  -0.006    -0.012    -0.001        -0.009        -0.012        +0.008        +0.007\n",
      "                         :     jet_phi_2:    -0.008    -0.477  -0.004  +0.005  -0.002    -0.001    -0.416        -0.000    -0.009    +0.003        -0.004    +0.002    +1.000        -0.009  -0.009    -0.006    -0.010        +0.002        -0.000        -0.010        +0.005\n",
      "                         : jet_ptoverm_2:    +0.012    +0.002  -0.540  +0.028  -0.175    +0.018    +0.004        +0.467    +0.007    +0.001        -0.080    +0.011    -0.009        +1.000  -0.373    -0.599    +0.128        -0.032        -0.429        +0.954        +0.605\n",
      "                         :       dR_jj_j:    -0.010    +0.004  +0.329  +0.031  +0.084    -0.008    -0.009        -0.232    -0.015    +0.006        -0.012    -0.006    -0.009        -0.373  +1.000    +0.841    +0.151        -0.354        -0.104        -0.510        -0.527\n",
      "                         :     dEta_jj_j:    -0.009    +0.006  +0.471  -0.015  +0.146    -0.010    -0.002        -0.375    -0.012    +0.006        +0.058    -0.012    -0.006        -0.599  +0.841    +1.000    -0.061        -0.344        +0.085        -0.723        -0.754\n",
      "                         :     dPhi_jj_j:    +0.003    -0.003  -0.097  +0.031  -0.017    +0.003    -0.014        +0.088    -0.003    +0.011        -0.057    -0.001    -0.010        +0.128  +0.151    -0.061    +1.000        -0.030        -0.157        +0.107        +0.152\n",
      "                         : jet_ptoverM_0:    -0.016    -0.001  +0.070  -0.526  +0.222    -0.012    +0.010        +0.753    -0.006    -0.019        -0.187    -0.009    +0.002        -0.032  -0.354    -0.344    -0.030        +1.000        +0.034        +0.042        +0.388\n",
      "                         : jet_ptoverM_1:    +0.003    -0.000  -0.247  -0.474  +0.070    -0.004    +0.001        -0.397    +0.008    +0.001        +0.841    -0.012    -0.000        -0.429  -0.104    +0.085    -0.157        +0.034        +1.000        -0.334        -0.289\n",
      "                         : jet_ptoverM_2:    +0.015    +0.002  -0.547  +0.026  -0.174    +0.018    +0.006        +0.414    +0.011    -0.005        -0.054    +0.008    -0.010        +0.954  -0.510    -0.723    +0.107        +0.042        -0.334        +1.000        +0.656\n",
      "                         : dijet_ptoverM:    +0.001    -0.002  -0.604  -0.013  -0.172    +0.011    +0.001        +0.586    +0.002    -0.005        -0.130    +0.007    +0.005        +0.605  -0.527    -0.754    +0.152        +0.388        -0.289        +0.656        +1.000\n",
      "                         : ----------------------------------------------------------------------------------------------------------------------------------------------------------------------------------------------------------------------------------------------------\n",
      "DataSetInfo              : Correlation matrix (Background):\n",
      "                         : ----------------------------------------------------------------------------------------------------------------------------------------------------------------------------------------------------------------------------------------------------\n",
      "                         :                dijet_eta dijet_phi   dR_jj dEta_jj dPhi_jj jet_eta_0 jet_phi_0 jet_ptoverm_0 jet_eta_1 jet_phi_1 jet_ptoverm_1 jet_eta_2 jet_phi_2 jet_ptoverm_2 dR_jj_j dEta_jj_j dPhi_jj_j jet_ptoverM_0 jet_ptoverM_1 jet_ptoverM_2 dijet_ptoverM\n",
      "                         :     dijet_eta:    +1.000    -0.002  +0.007  +0.010  +0.012    +0.713    +0.013        -0.001    +0.571    -0.001        -0.009    +0.164    +0.009        -0.003  -0.003    +0.002    +0.000        +0.003        -0.009        -0.002        +0.001\n",
      "                         :     dijet_phi:    -0.002    +1.000  -0.015  -0.003  -0.007    -0.005    +0.572        +0.008    +0.005    -0.012        +0.003    -0.003    -0.456        +0.008  +0.021    +0.017    +0.012        -0.011        -0.017        +0.007        +0.011\n",
      "                         :         dR_jj:    +0.007    -0.015  +1.000  +0.466  +0.491    -0.003    -0.012        -0.758    +0.009    -0.005        -0.720    +0.003    +0.008        -0.799  +0.035    +0.226    -0.091        +0.118        +0.215        -0.680        -0.770\n",
      "                         :       dEta_jj:    +0.010    -0.003  +0.466  +1.000  -0.046    +0.005    -0.012        -0.428    -0.000    +0.007        -0.498    +0.012    +0.019        -0.258  -0.019    -0.048    +0.014        -0.497        -0.368        -0.153        -0.185\n",
      "                         :       dPhi_jj:    +0.012    -0.007  +0.491  -0.046  +1.000    +0.013    -0.012        -0.386    +0.011    +0.001        -0.331    -0.004    -0.005        -0.479  +0.007    +0.134    -0.021        +0.260        +0.275        -0.384        -0.413\n",
      "                         :     jet_eta_0:    +0.713    -0.005  -0.003  +0.005  +0.013    +1.000    +0.004        -0.000    +0.037    -0.002        -0.006    +0.175    +0.015        +0.001  -0.000    +0.002    +0.006        -0.001        -0.009        +0.010        +0.011\n",
      "                         :     jet_phi_0:    +0.013    +0.572  -0.012  -0.012  -0.012    +0.004    +1.000        +0.009    +0.005    -0.203        +0.003    +0.012    -0.396        +0.008  +0.002    +0.007    +0.007        -0.001        -0.007        +0.014        +0.006\n",
      "                         : jet_ptoverm_0:    -0.001    +0.008  -0.758  -0.428  -0.386    -0.000    +0.009        +1.000    +0.004    +0.002        +0.600    -0.000    -0.009        +0.873  -0.022    -0.182    +0.068        +0.145        -0.364        +0.548        +0.627\n",
      "                         :     jet_eta_1:    +0.571    +0.005  +0.009  -0.000  +0.011    +0.037    +0.005        +0.004    +1.000    +0.009        -0.005    +0.018    -0.005        -0.003  +0.005    +0.011    -0.002        +0.010        -0.003        -0.014        -0.005\n",
      "                         :     jet_phi_1:    -0.001    -0.012  -0.005  +0.007  +0.001    -0.002    -0.203        +0.002    +0.009    +1.000        -0.004    -0.009    -0.056        +0.002  -0.001    -0.004    -0.008        -0.002        -0.004        -0.003        +0.006\n",
      "                         : jet_ptoverm_1:    -0.009    +0.003  -0.720  -0.498  -0.331    -0.006    +0.003        +0.600    -0.005    -0.004        +1.000    +0.002    -0.013        +0.658  -0.015    -0.043    +0.011        -0.115        +0.215        +0.320        +0.376\n",
      "                         :     jet_eta_2:    +0.164    -0.003  +0.003  +0.012  -0.004    +0.175    +0.012        -0.000    +0.018    -0.009        +0.002    +1.000    +0.003        +0.009  -0.010    +0.005    -0.006        -0.016        -0.008        +0.006        -0.009\n",
      "                         :     jet_phi_2:    +0.009    -0.456  +0.008  +0.019  -0.005    +0.015    -0.396        -0.009    -0.005    -0.056        -0.013    +0.003    +1.000        -0.004  -0.010    -0.015    +0.004        -0.005        -0.004        +0.001        -0.000\n",
      "                         : jet_ptoverm_2:    -0.003    +0.008  -0.799  -0.258  -0.479    +0.001    +0.008        +0.873    -0.003    +0.002        +0.658    +0.009    -0.004        +1.000  -0.029    -0.209    +0.070        -0.214        -0.438        +0.742        +0.569\n",
      "                         :       dR_jj_j:    -0.003    +0.021  +0.035  -0.019  +0.007    -0.000    +0.002        -0.022    +0.005    -0.001        -0.015    -0.010    -0.010        -0.029  +1.000    +0.738    +0.175        -0.276        -0.131        -0.223        -0.242\n",
      "                         :     dEta_jj_j:    +0.002    +0.017  +0.226  -0.048  +0.134    +0.002    +0.007        -0.182    +0.011    -0.004        -0.043    +0.005    -0.015        -0.209  +0.738    +1.000    -0.094        -0.237        +0.076        -0.452        -0.508\n",
      "                         :     dPhi_jj_j:    +0.000    +0.012  -0.091  +0.014  -0.021    +0.006    +0.007        +0.068    -0.002    -0.008        +0.011    -0.006    +0.004        +0.070  +0.175    -0.094    +1.000        -0.028        -0.110        +0.074        +0.129\n",
      "                         : jet_ptoverM_0:    +0.003    -0.011  +0.118  -0.497  +0.260    -0.001    -0.001        +0.145    +0.010    -0.002        -0.115    -0.016    -0.005        -0.214  -0.276    -0.237    -0.028        +1.000        +0.344        -0.208        +0.122\n",
      "                         : jet_ptoverM_1:    -0.009    -0.017  +0.215  -0.368  +0.275    -0.009    -0.007        -0.364    -0.003    -0.004        +0.215    -0.008    -0.004        -0.438  -0.131    +0.076    -0.110        +0.344        +1.000        -0.515        -0.405\n",
      "                         : jet_ptoverM_2:    -0.002    +0.007  -0.680  -0.153  -0.384    +0.010    +0.014        +0.548    -0.014    -0.003        +0.320    +0.006    +0.001        +0.742  -0.223    -0.452    +0.074        -0.208        -0.515        +1.000        +0.655\n",
      "                         : dijet_ptoverM:    +0.001    +0.011  -0.770  -0.185  -0.413    +0.011    +0.006        +0.627    -0.005    +0.006        +0.376    -0.009    -0.000        +0.569  -0.242    -0.508    +0.129        +0.122        -0.405        +0.655        +1.000\n",
      "                         : ----------------------------------------------------------------------------------------------------------------------------------------------------------------------------------------------------------------------------------------------------\n",
      "DataSetFactory           : [M1-3000_R-0p5] :  \n",
      "                         : \n",
      "Factory                  : \u001b[1mTrain all methods\u001b[0m\n",
      "Factory                  : [M1-3000_R-0p5] : Create Transformation \"I\" with events from all classes.\n",
      "                         : \n",
      "                         : Transformation, Variable selection : \n",
      "                         : Input : variable 'dijet_eta' <---> Output : variable 'dijet_eta'\n",
      "                         : Input : variable 'dijet_phi' <---> Output : variable 'dijet_phi'\n",
      "                         : Input : variable 'dR_jj' <---> Output : variable 'dR_jj'\n",
      "                         : Input : variable 'dEta_jj' <---> Output : variable 'dEta_jj'\n",
      "                         : Input : variable 'dPhi_jj' <---> Output : variable 'dPhi_jj'\n",
      "                         : Input : variable 'jet_eta_0' <---> Output : variable 'jet_eta_0'\n",
      "                         : Input : variable 'jet_phi_0' <---> Output : variable 'jet_phi_0'\n",
      "                         : Input : variable 'jet_ptoverm_0' <---> Output : variable 'jet_ptoverm_0'\n",
      "                         : Input : variable 'jet_eta_1' <---> Output : variable 'jet_eta_1'\n",
      "                         : Input : variable 'jet_phi_1' <---> Output : variable 'jet_phi_1'\n",
      "                         : Input : variable 'jet_ptoverm_1' <---> Output : variable 'jet_ptoverm_1'\n",
      "                         : Input : variable 'jet_eta_2' <---> Output : variable 'jet_eta_2'\n",
      "                         : Input : variable 'jet_phi_2' <---> Output : variable 'jet_phi_2'\n",
      "                         : Input : variable 'jet_ptoverm_2' <---> Output : variable 'jet_ptoverm_2'\n",
      "                         : Input : variable 'dR_jj_j' <---> Output : variable 'dR_jj_j'\n",
      "                         : Input : variable 'dEta_jj_j' <---> Output : variable 'dEta_jj_j'\n",
      "                         : Input : variable 'dPhi_jj_j' <---> Output : variable 'dPhi_jj_j'\n",
      "                         : Input : variable 'jet_ptoverM_0' <---> Output : variable 'jet_ptoverM_0'\n",
      "                         : Input : variable 'jet_ptoverM_1' <---> Output : variable 'jet_ptoverM_1'\n",
      "                         : Input : variable 'jet_ptoverM_2' <---> Output : variable 'jet_ptoverM_2'\n",
      "                         : Input : variable 'dijet_ptoverM' <---> Output : variable 'dijet_ptoverM'\n",
      "Factory                  : [M1-3000_R-0p5] : Create Transformation \"D\" with events from all classes.\n",
      "                         : \n",
      "                         : Transformation, Variable selection : \n",
      "                         : Input : variable 'dijet_eta' <---> Output : variable 'dijet_eta'\n",
      "                         : Input : variable 'dijet_phi' <---> Output : variable 'dijet_phi'\n",
      "                         : Input : variable 'dR_jj' <---> Output : variable 'dR_jj'\n",
      "                         : Input : variable 'dEta_jj' <---> Output : variable 'dEta_jj'\n",
      "                         : Input : variable 'dPhi_jj' <---> Output : variable 'dPhi_jj'\n",
      "                         : Input : variable 'jet_eta_0' <---> Output : variable 'jet_eta_0'\n",
      "                         : Input : variable 'jet_phi_0' <---> Output : variable 'jet_phi_0'\n",
      "                         : Input : variable 'jet_ptoverm_0' <---> Output : variable 'jet_ptoverm_0'\n",
      "                         : Input : variable 'jet_eta_1' <---> Output : variable 'jet_eta_1'\n",
      "                         : Input : variable 'jet_phi_1' <---> Output : variable 'jet_phi_1'\n",
      "                         : Input : variable 'jet_ptoverm_1' <---> Output : variable 'jet_ptoverm_1'\n",
      "                         : Input : variable 'jet_eta_2' <---> Output : variable 'jet_eta_2'\n",
      "                         : Input : variable 'jet_phi_2' <---> Output : variable 'jet_phi_2'\n",
      "                         : Input : variable 'jet_ptoverm_2' <---> Output : variable 'jet_ptoverm_2'\n",
      "                         : Input : variable 'dR_jj_j' <---> Output : variable 'dR_jj_j'\n",
      "                         : Input : variable 'dEta_jj_j' <---> Output : variable 'dEta_jj_j'\n",
      "                         : Input : variable 'dPhi_jj_j' <---> Output : variable 'dPhi_jj_j'\n",
      "                         : Input : variable 'jet_ptoverM_0' <---> Output : variable 'jet_ptoverM_0'\n",
      "                         : Input : variable 'jet_ptoverM_1' <---> Output : variable 'jet_ptoverM_1'\n",
      "                         : Input : variable 'jet_ptoverM_2' <---> Output : variable 'jet_ptoverM_2'\n",
      "                         : Input : variable 'dijet_ptoverM' <---> Output : variable 'dijet_ptoverM'\n",
      "Factory                  : [M1-3000_R-0p5] : Create Transformation \"P\" with events from all classes.\n",
      "                         : \n",
      "                         : Transformation, Variable selection : \n",
      "                         : Input : variable 'dijet_eta' <---> Output : variable 'dijet_eta'\n",
      "                         : Input : variable 'dijet_phi' <---> Output : variable 'dijet_phi'\n",
      "                         : Input : variable 'dR_jj' <---> Output : variable 'dR_jj'\n",
      "                         : Input : variable 'dEta_jj' <---> Output : variable 'dEta_jj'\n",
      "                         : Input : variable 'dPhi_jj' <---> Output : variable 'dPhi_jj'\n",
      "                         : Input : variable 'jet_eta_0' <---> Output : variable 'jet_eta_0'\n",
      "                         : Input : variable 'jet_phi_0' <---> Output : variable 'jet_phi_0'\n",
      "                         : Input : variable 'jet_ptoverm_0' <---> Output : variable 'jet_ptoverm_0'\n",
      "                         : Input : variable 'jet_eta_1' <---> Output : variable 'jet_eta_1'\n",
      "                         : Input : variable 'jet_phi_1' <---> Output : variable 'jet_phi_1'\n",
      "                         : Input : variable 'jet_ptoverm_1' <---> Output : variable 'jet_ptoverm_1'\n",
      "                         : Input : variable 'jet_eta_2' <---> Output : variable 'jet_eta_2'\n",
      "                         : Input : variable 'jet_phi_2' <---> Output : variable 'jet_phi_2'\n",
      "                         : Input : variable 'jet_ptoverm_2' <---> Output : variable 'jet_ptoverm_2'\n",
      "                         : Input : variable 'dR_jj_j' <---> Output : variable 'dR_jj_j'\n",
      "                         : Input : variable 'dEta_jj_j' <---> Output : variable 'dEta_jj_j'\n",
      "                         : Input : variable 'dPhi_jj_j' <---> Output : variable 'dPhi_jj_j'\n",
      "                         : Input : variable 'jet_ptoverM_0' <---> Output : variable 'jet_ptoverM_0'\n",
      "                         : Input : variable 'jet_ptoverM_1' <---> Output : variable 'jet_ptoverM_1'\n",
      "                         : Input : variable 'jet_ptoverM_2' <---> Output : variable 'jet_ptoverM_2'\n",
      "                         : Input : variable 'dijet_ptoverM' <---> Output : variable 'dijet_ptoverM'\n",
      "Factory                  : [M1-3000_R-0p5] : Create Transformation \"G\" with events from all classes.\n",
      "                         : \n",
      "                         : Transformation, Variable selection : \n",
      "                         : Input : variable 'dijet_eta' <---> Output : variable 'dijet_eta'\n",
      "                         : Input : variable 'dijet_phi' <---> Output : variable 'dijet_phi'\n",
      "                         : Input : variable 'dR_jj' <---> Output : variable 'dR_jj'\n",
      "                         : Input : variable 'dEta_jj' <---> Output : variable 'dEta_jj'\n",
      "                         : Input : variable 'dPhi_jj' <---> Output : variable 'dPhi_jj'\n",
      "                         : Input : variable 'jet_eta_0' <---> Output : variable 'jet_eta_0'\n",
      "                         : Input : variable 'jet_phi_0' <---> Output : variable 'jet_phi_0'\n",
      "                         : Input : variable 'jet_ptoverm_0' <---> Output : variable 'jet_ptoverm_0'\n",
      "                         : Input : variable 'jet_eta_1' <---> Output : variable 'jet_eta_1'\n",
      "                         : Input : variable 'jet_phi_1' <---> Output : variable 'jet_phi_1'\n",
      "                         : Input : variable 'jet_ptoverm_1' <---> Output : variable 'jet_ptoverm_1'\n",
      "                         : Input : variable 'jet_eta_2' <---> Output : variable 'jet_eta_2'\n",
      "                         : Input : variable 'jet_phi_2' <---> Output : variable 'jet_phi_2'\n",
      "                         : Input : variable 'jet_ptoverm_2' <---> Output : variable 'jet_ptoverm_2'\n",
      "                         : Input : variable 'dR_jj_j' <---> Output : variable 'dR_jj_j'\n",
      "                         : Input : variable 'dEta_jj_j' <---> Output : variable 'dEta_jj_j'\n",
      "                         : Input : variable 'dPhi_jj_j' <---> Output : variable 'dPhi_jj_j'\n",
      "                         : Input : variable 'jet_ptoverM_0' <---> Output : variable 'jet_ptoverM_0'\n",
      "                         : Input : variable 'jet_ptoverM_1' <---> Output : variable 'jet_ptoverM_1'\n",
      "                         : Input : variable 'jet_ptoverM_2' <---> Output : variable 'jet_ptoverM_2'\n",
      "                         : Input : variable 'dijet_ptoverM' <---> Output : variable 'dijet_ptoverM'\n",
      "Factory                  : [M1-3000_R-0p5] : Create Transformation \"D\" with events from all classes.\n",
      "                         : \n",
      "                         : Transformation, Variable selection : \n",
      "                         : Input : variable 'dijet_eta' <---> Output : variable 'dijet_eta'\n",
      "                         : Input : variable 'dijet_phi' <---> Output : variable 'dijet_phi'\n",
      "                         : Input : variable 'dR_jj' <---> Output : variable 'dR_jj'\n",
      "                         : Input : variable 'dEta_jj' <---> Output : variable 'dEta_jj'\n",
      "                         : Input : variable 'dPhi_jj' <---> Output : variable 'dPhi_jj'\n",
      "                         : Input : variable 'jet_eta_0' <---> Output : variable 'jet_eta_0'\n",
      "                         : Input : variable 'jet_phi_0' <---> Output : variable 'jet_phi_0'\n",
      "                         : Input : variable 'jet_ptoverm_0' <---> Output : variable 'jet_ptoverm_0'\n",
      "                         : Input : variable 'jet_eta_1' <---> Output : variable 'jet_eta_1'\n",
      "                         : Input : variable 'jet_phi_1' <---> Output : variable 'jet_phi_1'\n",
      "                         : Input : variable 'jet_ptoverm_1' <---> Output : variable 'jet_ptoverm_1'\n",
      "                         : Input : variable 'jet_eta_2' <---> Output : variable 'jet_eta_2'\n",
      "                         : Input : variable 'jet_phi_2' <---> Output : variable 'jet_phi_2'\n",
      "                         : Input : variable 'jet_ptoverm_2' <---> Output : variable 'jet_ptoverm_2'\n",
      "                         : Input : variable 'dR_jj_j' <---> Output : variable 'dR_jj_j'\n",
      "                         : Input : variable 'dEta_jj_j' <---> Output : variable 'dEta_jj_j'\n",
      "                         : Input : variable 'dPhi_jj_j' <---> Output : variable 'dPhi_jj_j'\n",
      "                         : Input : variable 'jet_ptoverM_0' <---> Output : variable 'jet_ptoverM_0'\n",
      "                         : Input : variable 'jet_ptoverM_1' <---> Output : variable 'jet_ptoverM_1'\n",
      "                         : Input : variable 'jet_ptoverM_2' <---> Output : variable 'jet_ptoverM_2'\n",
      "                         : Input : variable 'dijet_ptoverM' <---> Output : variable 'dijet_ptoverM'\n",
      "TFHandler_Factory        :      Variable             Mean             RMS     [        Min             Max ]\n",
      "                         : ------------------------------------------------------------------------------------\n",
